58
1 49 15 37
2 41 36 42
3 35 4 43
4 8 3 34
5 19 16 20
6 21 38 29
7 22 47 57
8 4 33 9
9 15 8 40
10 11 40 39
11 57 10 12
12 33 11 39
13 58 41 18
14 35 18 42
15 9 1 54
16 5 50 49
17 23 28 27
18 14 24 13
19 43 5 56
20 23 55 5
21 58 6 32
22 7 30 48
23 20 17 24
24 18 23 25
25 24 27 26
26 38 25 28
27 25 17 28
28 26 27 17
29 6 51 31
30 32 31 22
31 29 30 32
32 21 31 30
33 12 8 45
34 46 45 4
35 3 14 36
36 46 35 2
37 1 47 52
38 26 52 6
39 12 10 40
40 9 39 10
41 13 2 42
42 14 41 2
43 3 19 44
44 55 43 56
45 33 34 46
46 36 45 34
47 37 7 48
48 51 47 22
49 1 16 53
50 54 53 16
51 48 29 52
52 37 51 38
53 49 50 54
54 15 53 50
55 20 44 56
56 19 55 44
57 7 11 58
58 21 57 13

