70
1 49 15 37
2 41 36 42
3 65 4 43
4 8 3 34
5 19 16 20
6 21 61 29
7 22 47 57
8 4 33 9
9 15 8 40
10 11 40 39
11 63 10 12
12 67 11 39
13 58 64 18
14 35 18 42
15 9 1 54
16 5 50 49
17 23 28 27
18 14 24 13
19 43 5 56
20 23 55 5
21 58 6 32
22 7 30 48
23 20 17 24
24 18 23 25
25 24 27 26
26 38 25 28
27 25 17 28
28 26 27 17
29 6 51 31
30 32 31 22
31 29 30 32
32 21 31 30
33 67 8 45
34 46 45 4
35 65 14 36
36 46 35 2
37 1 47 52
38 26 52 61
39 12 10 40
40 9 39 10
41 64 2 42
42 14 41 2
43 3 19 44
44 66 43 56
45 33 34 68
46 36 68 34
47 37 7 69
48 70 69 22
49 1 16 53
50 59 53 16
51 70 29 62
52 37 62 38
53 49 50 60
54 15 60 59
55 20 66 56
56 19 55 44
57 7 63 58
58 21 57 13
59 50 54 60
60 53 59 54
61 6 38 62
62 51 61 52
63 57 11 64
64 13 63 41
65 35 3 66
66 55 65 44
67 12 33 68
68 46 67 45
69 47 48 70
70 51 69 48

