98
1 96 15 37
2 41 36 42
3 92 4 43
4 8 3 71
5 19 16 77
6 21 61 29
7 22 47 57
8 4 33 9
9 15 8 80
10 11 40 39
11 63 10 12
12 67 11 39
13 58 64 85
14 35 18 42
15 9 1 54
16 5 50 49
17 23 28 27
18 14 24 90
19 43 5 56
20 94 78 77
21 58 6 32
22 7 30 48
23 94 17 24
24 18 23 25
25 24 27 86
26 93 86 28
27 25 17 28
28 26 27 17
29 6 51 31
30 73 31 22
31 29 30 74
32 21 74 73
33 88 8 72
34 84 45 71
35 83 14 36
36 46 35 2
37 1 47 52
38 93 52 76
39 12 10 87
40 80 79 10
41 64 2 42
42 14 41 2
43 3 19 44
44 66 43 56
45 72 34 68
46 36 68 84
47 37 7 98
48 70 97 22
49 96 16 53
50 59 53 16
51 70 29 62
52 37 62 38
53 49 50 82
54 15 60 59
55 78 66 56
56 19 55 44
57 7 63 58
58 21 57 13
59 50 54 81
60 82 81 54
61 6 76 75
62 51 75 52
63 57 11 64
64 13 63 41
65 83 92 91
66 55 91 44
67 12 88 68
68 46 67 45
69 98 97 70
70 51 69 48
71 4 34 72
72 33 71 45
73 30 32 74
74 31 73 32
75 62 61 76
76 38 75 61
77 5 20 78
78 55 77 20
79 87 40 80
80 9 79 40
81 59 60 82
82 53 81 60
83 65 35 84
84 34 83 46
85 13 90 89
86 26 89 25
87 39 79 88
88 67 87 33
89 86 85 90
90 18 89 85
91 66 65 92
92 3 91 65
93 38 26 95
94 20 95 23
95 93 94 96
96 1 95 49
97 48 69 98
98 47 97 69

